comparison,log,t,rmse,nrmse,bin_rmse,mae,me,rms_travel
travel/mag_model,log-0046,376,2.8787792338406133,0.14267342916622733,3.918045743215436,1.8496966437856992,7.694683698525146e-15,20.177402692736695
travel/mag_model,log-0048,334,3.5923925949477558,0.16200986808799375,4.315169325913538,2.2651759014278494,-2.827134799425667e-15,22.17391222735019
travel/mag_model,log-0049,178,2.992390906346362,0.13537167265313244,3.455413482348532,1.8197025428457971,-1.4487256315967168e-15,22.10500060831685
travel/mag_model,log-0054,669,4.047146832823109,0.23063229989862843,4.70822249215706,2.6825599654417367,1.4947842817765408e-15,17.548048710445077
travel/mag_model,log-0055,224,4.190097148181308,0.18144274789632336,4.402297711752062,2.7400477825927037,1.1299328574370885e-14,23.093219193172356
travel/mag_model,log-0056,273,3.6972690659609166,0.16684227395126655,3.9960158500019873,2.4248263151986484,-9.9827458851119e-16,22.160265371597983
travel/mag_model,log-0058,387,3.819674296369089,0.1657942615076597,4.414757834822519,2.446593881610062,-1.1916109367359955e-14,23.038639948298936
travel/mag_model,log-0063,103,3.92198477523392,0.1509110159526112,4.416089315121889,2.6233015458936095,8.577226507701441e-15,25.98872421921468
travel/mag_model,log-0071_183,416,2.569354847625481,0.12056112317672073,2.734676270128806,1.649294277573806,5.606339453624188e-15,21.311636619868523
travel/mag_model,log-0072_184,328,3.1838614773047813,0.15315833609485935,3.4459601277148035,1.983685521538612,-4.9909772970070146e-15,20.78803908742415
travel/mag_model,log-0073_185,286,3.9713258177572666,0.20583805230937904,4.812163375653407,2.5316257185163944,-5.0167631224732116e-15,19.29344828714313
travel/mag_model,log-0078-valid,132,7.9622065825863055,0.28041231997077876,7.366971790366139,6.000894928619798,9.205551026329208e-15,28.394638949586923
travel/mag_model,log-0079,242,6.591679103226477,0.2581506019180881,5.7659318795838015,5.043749930558428,3.791594703391495e-15,25.534238751525496
travel/mag_model,log-0080-valid,325,10.569747067174337,0.36623476177920433,10.593359345001316,6.6292573008913305,8.488468296050909e-15,28.860578432875872
travel/mag_model,log-0081,735,13.406693368900312,0.6397579682128919,12.32468869253711,10.22267735944296,3.165782553148637e-15,20.955883373130533
travel/mag_model,log103,396,6.979584730725258,0.3089652673772971,7.840902233974728,4.0472739255010675,6.977750589010958e-15,22.590192062598554
travel/mag_model,log104,396,7.352795542901136,0.3416128449585938,9.258205024092595,3.834383653495301,2.06499970129326e-15,21.523767772234542
travel/mag_model,log106,153,4.290274309792771,0.18932283987010926,5.3794354870559395,2.462056163652805,-2.107785736580425e-15,22.661155477787283
travel/mag_model,log107,168,3.5621054292324987,0.16302780818608278,4.56603639333954,2.195419790194676,-5.6812983334021935e-15,21.849679934153624
travel/mag_model,log109,182,4.302914681414328,0.1962409912328842,5.69850174740975,2.7284425439716014,1.497603658443814e-16,21.926686439878146
travel/mag_model,log110,172,5.511029414408254,0.25902843482440857,6.495076203747856,3.3016921399761987,2.90607149233202e-16,21.27577004487595
travel/mag_model,log112,329,5.74144872120467,0.2504709565026489,6.563455438081537,3.665942570307019,6.1223149214224225e-15,22.922612670838546
travel/mag_model,log-0098,224,10.46912982879714,0.39500836642035514,10.01231885550823,6.961428353554496,2.354836511889194e-15,26.50356478185637
travel/mag_model,log-0099,634,13.26945552373025,0.6664463959364672,11.218603212408198,10.78810715922877,-9.178992164737662e-16,19.910761922696686
travel/mag_model,log-0113,232,6.94572933491927,0.2630613314371581,8.166830796150373,4.5953254182840135,6.482722336481004e-15,26.403459972521706
travel/mag_model,log-0115,171,7.364786259184153,0.3123416784479238,8.381986213796486,5.118932643060127,2.1253600555539597e-15,23.579261966513606
travel/mag_model,log-0116,175,7.495768864393628,0.24518658891156245,7.816320035188733,4.921722195933274,-2.6912720931083065e-15,30.571691941508732
travel/mag_model,log-0117,122,4.505022538638129,0.17427734158434624,4.986853180115482,3.0176097046857224,1.2403546861013311e-15,25.849731799229914
travel/mag_model,log-0118,110,6.843250266246869,0.1883951906605855,7.408210973662664,5.295359216187848,1.184646362026098e-14,36.323911678699545
travel/mag_model,log-0119,138,6.688301520093196,0.18845488122245665,6.79908751374342,4.94776040415962,1.2976824418447718e-14,35.4902005016159
travel/mag_model,log-0120,49,9.007023793274,0.26592506128866283,9.021459646272268,6.646632194013238,5.494329652273026e-16,33.870533862533684
travel/mag_model,log-0122,318,9.996959284588344,0.31023122952322524,9.638428530387747,7.591037146668793,-3.430545175480964e-16,32.22421965690572
travel/mag_model,log-0125,187,8.662321593227652,0.2647709978429474,7.814770480737961,6.44766958419041,-7.176265706797109e-15,32.71627808105263
travel/mag_model,log-0126,51,7.027219704717737,0.19371916897211786,7.190254659716017,5.772588227737173,-1.2580372258070498e-14,36.275293467365486
travel/mag_model,log-0127,102,7.321239176640672,0.20970347396417657,7.46697447612527,4.820645528793668,3.92292587765992e-15,34.912340927129094
travel/mag_model,log-0129,409,8.130314469672054,0.2581087846879597,9.168412090967843,4.9360201468158404,3.905791853013088e-15,31.499565113605826
travel/mag_model,log-0132,266,11.553254186912698,0.3493037157921761,11.75139063697803,8.782119174160687,-9.011995693730176e-15,33.07509672695979
travel/mag_model,log-0133,93,6.544770298689939,0.2212249999208616,7.388206898904468,4.60556814813159,-8.87572154567224e-15,29.58422556687168
travel/mag_model,log-0145-filtered-c01,348,8.980647534495573,0.4989675340387176,8.392269724864382,6.800098197934117,-1.95764271131241e-16,17.99846066497528
travel/mag_model,log-0147-filtered-c01,81,5.907836868773503,0.35851398689166714,5.329074797258979,4.567634844835315,1.787265441951222e-15,16.478678893380764
travel/mag_model,log-0147-filtered-c02,320,12.69907534059578,0.7265793008515778,15.203898206908928,7.2295232998366865,-2.2984952370786306e-15,17.477893088492877
travel/mag_model,log-0151-filtered-c01,86,11.510966752306796,0.5826713039129049,13.755474630093898,7.142587487546917,7.581755068617672e-15,19.755506535168934
travel/mag_model,log-0152-filtered-c01,148,5.047612130732996,0.273484994494632,6.578527721471789,3.6086787922522023,-2.389215503781773e-15,18.45663284035158
travel/mag_model,log-0152-filtered-c02,92,5.012179371811434,0.3523706827805852,4.409341080111645,3.7736210510274217,-3.1473808215349523e-15,14.224166812800448
travel/mag_model,log-0155-filtered-c01,133,5.360347807949903,0.20083488165218424,4.734485488463928,4.426585246630658,-7.208450983175113e-15,26.690322736033565
travel/mag_model/adj,log-0046,376,2.8787792338406133,0.14267342916622733,3.918045743215436,1.8496966437856992,7.694683698525146e-15,20.177402692736695
travel/mag_model/adj,log-0048,334,3.5923925949477558,0.16200986808799375,4.315169325913538,2.2651759014278494,-2.827134799425667e-15,22.17391222735019
travel/mag_model/adj,log-0049,178,2.992390906346362,0.13537167265313244,3.455413482348532,1.8197025428457971,-1.4487256315967168e-15,22.10500060831685
travel/mag_model/adj,log-0054,669,4.047146832823109,0.23063229989862843,4.70822249215706,2.6825599654417367,1.4947842817765408e-15,17.548048710445077
travel/mag_model/adj,log-0055,224,4.190097148181308,0.18144274789632336,4.402297711752062,2.7400477825927037,1.1299328574370885e-14,23.093219193172356
travel/mag_model/adj,log-0056,273,3.6972690659609166,0.16684227395126655,3.9960158500019873,2.4248263151986484,-9.9827458851119e-16,22.160265371597983
travel/mag_model/adj,log-0058,387,3.819674296369089,0.1657942615076597,4.414757834822519,2.446593881610062,-1.1916109367359955e-14,23.038639948298936
travel/mag_model/adj,log-0063,103,3.92198477523392,0.1509110159526112,4.416089315121889,2.6233015458936095,8.577226507701441e-15,25.98872421921468
travel/mag_model/adj,log-0071_183,416,2.569354847625481,0.12056112317672073,2.734676270128806,1.649294277573806,5.606339453624188e-15,21.311636619868523
travel/mag_model/adj,log-0072_184,328,3.1838614773047813,0.15315833609485935,3.4459601277148035,1.983685521538612,-4.9909772970070146e-15,20.78803908742415
travel/mag_model/adj,log-0073_185,286,3.9713258177572666,0.20583805230937904,4.812163375653407,2.5316257185163944,-5.0167631224732116e-15,19.29344828714313
travel/mag_model/adj,log-0078-valid,132,7.9622065825863055,0.28041231997077876,7.366971790366139,6.000894928619798,9.205551026329208e-15,28.394638949586923
travel/mag_model/adj,log-0079,242,6.591679103226477,0.2581506019180881,5.7659318795838015,5.043749930558428,3.791594703391495e-15,25.534238751525496
travel/mag_model/adj,log-0080-valid,325,10.569747067174337,0.36623476177920433,10.593359345001316,6.6292573008913305,8.488468296050909e-15,28.860578432875872
travel/mag_model/adj,log-0081,735,13.406693368900312,0.6397579682128919,12.32468869253711,10.22267735944296,3.165782553148637e-15,20.955883373130533
travel/mag_model/adj,log103,396,6.979584730725258,0.3089652673772971,7.840902233974728,4.0472739255010675,6.977750589010958e-15,22.590192062598554
travel/mag_model/adj,log104,396,7.352795542901136,0.3416128449585938,9.258205024092595,3.834383653495301,2.06499970129326e-15,21.523767772234542
travel/mag_model/adj,log106,153,4.290274309792771,0.18932283987010926,5.3794354870559395,2.462056163652805,-2.107785736580425e-15,22.661155477787283
travel/mag_model/adj,log107,168,3.5621054292324987,0.16302780818608278,4.56603639333954,2.195419790194676,-5.6812983334021935e-15,21.849679934153624
travel/mag_model/adj,log109,182,4.302914681414328,0.1962409912328842,5.69850174740975,2.7284425439716014,1.497603658443814e-16,21.926686439878146
travel/mag_model/adj,log110,172,5.511029414408254,0.25902843482440857,6.495076203747856,3.3016921399761987,2.90607149233202e-16,21.27577004487595
travel/mag_model/adj,log112,329,5.74144872120467,0.2504709565026489,6.563455438081537,3.665942570307019,6.1223149214224225e-15,22.922612670838546
travel/mag_model/adj,log-0098,224,10.46912982879714,0.39500836642035514,10.01231885550823,6.961428353554496,2.354836511889194e-15,26.50356478185637
travel/mag_model/adj,log-0099,634,13.26945552373025,0.6664463959364672,11.218603212408198,10.78810715922877,-9.178992164737662e-16,19.910761922696686
travel/mag_model/adj,log-0113,232,6.94572933491927,0.2630613314371581,8.166830796150373,4.5953254182840135,6.482722336481004e-15,26.403459972521706
travel/mag_model/adj,log-0115,171,7.364786259184153,0.3123416784479238,8.381986213796486,5.118932643060127,2.1253600555539597e-15,23.579261966513606
travel/mag_model/adj,log-0116,175,7.495768864393628,0.24518658891156245,7.816320035188733,4.921722195933274,-2.6912720931083065e-15,30.571691941508732
travel/mag_model/adj,log-0117,122,4.505022538638129,0.17427734158434624,4.986853180115482,3.0176097046857224,1.2403546861013311e-15,25.849731799229914
travel/mag_model/adj,log-0118,110,6.843250266246869,0.1883951906605855,7.408210973662664,5.295359216187848,1.184646362026098e-14,36.323911678699545
travel/mag_model/adj,log-0119,138,6.688301520093196,0.18845488122245665,6.79908751374342,4.94776040415962,1.2976824418447718e-14,35.4902005016159
travel/mag_model/adj,log-0120,49,9.007023793274,0.26592506128866283,9.021459646272268,6.646632194013238,5.494329652273026e-16,33.870533862533684
travel/mag_model/adj,log-0122,318,9.996959284588344,0.31023122952322524,9.638428530387747,7.591037146668793,-3.430545175480964e-16,32.22421965690572
travel/mag_model/adj,log-0125,187,8.662321593227652,0.2647709978429474,7.814770480737961,6.44766958419041,-7.176265706797109e-15,32.71627808105263
travel/mag_model/adj,log-0126,51,7.027219704717737,0.19371916897211786,7.190254659716017,5.772588227737173,-1.2580372258070498e-14,36.275293467365486
travel/mag_model/adj,log-0127,102,7.321239176640672,0.20970347396417657,7.46697447612527,4.820645528793668,3.92292587765992e-15,34.912340927129094
travel/mag_model/adj,log-0129,409,8.130314469672054,0.2581087846879597,9.168412090967843,4.9360201468158404,3.905791853013088e-15,31.499565113605826
travel/mag_model/adj,log-0132,266,11.553254186912698,0.3493037157921761,11.75139063697803,8.782119174160687,-9.011995693730176e-15,33.07509672695979
travel/mag_model/adj,log-0133,93,6.544770298689939,0.2212249999208616,7.388206898904468,4.60556814813159,-8.87572154567224e-15,29.58422556687168
travel/mag_model/adj,log-0145-filtered-c01,348,8.980647534495573,0.4989675340387176,8.392269724864382,6.800098197934117,-1.95764271131241e-16,17.99846066497528
travel/mag_model/adj,log-0147-filtered-c01,81,5.907836868773503,0.35851398689166714,5.329074797258979,4.567634844835315,1.787265441951222e-15,16.478678893380764
travel/mag_model/adj,log-0147-filtered-c02,320,12.69907534059578,0.7265793008515778,15.203898206908928,7.2295232998366865,-2.2984952370786306e-15,17.477893088492877
travel/mag_model/adj,log-0151-filtered-c01,86,11.510966752306796,0.5826713039129049,13.755474630093898,7.142587487546917,7.581755068617672e-15,19.755506535168934
travel/mag_model/adj,log-0152-filtered-c01,148,5.047612130732996,0.273484994494632,6.578527721471789,3.6086787922522023,-2.389215503781773e-15,18.45663284035158
travel/mag_model/adj,log-0152-filtered-c02,92,5.012179371811434,0.3523706827805852,4.409341080111645,3.7736210510274217,-3.1473808215349523e-15,14.224166812800448
travel/mag_model/adj,log-0155-filtered-c01,133,5.360347807949903,0.20083488165218424,4.734485488463928,4.426585246630658,-7.208450983175113e-15,26.690322736033565
travel/solved,log-0046,376,2.254919630892986,0.11175470228904608,2.7488496472656867,1.6994789412639486,4.5660760408830534e-15,20.177402692736695
travel/solved,log-0048,334,2.6572919747723334,0.11983866209656603,3.424565537590302,1.9235515314260017,-1.3048314458887692e-15,22.17391222735019
travel/solved,log-0049,178,2.483450960192507,0.11234792543991727,2.764437269111939,1.6621813898873714,1.550390588199995e-15,22.10500060831685
travel/solved,log-0054,669,2.3761507357610503,0.13540825962870165,2.5991538406868377,1.809081127550699,2.55472222703627e-15,17.548048710445077
travel/solved,log-0055,224,2.3334284167099537,0.10104387773705649,2.441172067328566,1.803092830272776,6.439402305824268e-15,23.093219193172356
travel/solved,log-0056,273,2.584821700559858,0.11664218172552802,2.762937277884135,1.9527967807148274,1.929997537788301e-15,22.160265371597983
travel/solved,log-0058,387,2.4994028095953236,0.10848742873729696,2.7265414340885274,1.8603787751889187,-7.506210625108634e-16,23.038639948298936
travel/solved,log-0063,103,2.948331369655265,0.11344656031539346,3.1762449362868477,2.1726583722445203,8.819770187867807e-16,25.98872421921468
travel/solved,log-0071_183,416,2.1201180473595445,0.09948170969577202,2.249970437445419,1.4934226985980006,-2.032707872074267e-15,21.311636619868523
travel/solved,log-0072_184,328,2.274769683899095,0.1094268523516117,2.496410292489799,1.631509380559834,-5.545530330007794e-15,20.78803908742415
travel/solved,log-0073_185,286,2.156244292550405,0.11176044118496405,2.482010262991832,1.434264854118963,-1.0676497467921629e-14,19.29344828714313
travel/solved,log-0078-valid,132,5.166371965122949,0.18194885218634232,4.982838706153401,4.044662716226774,9.34294731030427e-15,28.394638949586923
travel/solved,log-0079,242,4.780161216123492,0.18720594189783354,4.75655211669026,3.683618820304262,5.593540701042899e-15,25.534238751525496
travel/solved,log-0080-valid,325,5.152251596425342,0.17852211827314837,5.019175851489998,4.001825504582771,1.340284467797512e-15,28.860578432875872
travel/solved,log-0081,735,8.870202700447004,0.4232798275552682,7.702347400360952,7.216638286690344,3.957228191435796e-15,20.955883373130533
travel/solved,log103,396,4.632769977104953,0.20507882200679461,5.135327563890154,3.0542315858171016,-4.590625387507209e-16,22.590192062598554
travel/solved,log104,396,4.939124329145885,0.22947303564189672,6.789854834115166,3.020653783117074,1.996166377916818e-15,21.523767772234542
travel/solved,log106,153,2.512554049779759,0.11087493099116648,3.038119304522914,1.6962446937821347,8.141693496580023e-15,22.661155477787283
travel/solved,log107,168,2.722241273823665,0.1245895263467215,3.534388486214106,1.7219418431766675,6.222374365154783e-16,21.849679934153624
travel/solved,log109,182,2.8348095624852925,0.12928581663527663,4.047495947761395,2.0077584684951164,-1.7472042681844497e-15,21.926686439878146
travel/solved,log110,172,3.301618252063396,0.15518208013620435,3.873585398412436,2.091859874543114,1.7700617271476846e-15,21.27577004487595
travel/solved,log112,329,4.571740563487841,0.19944238595907837,5.289190071387762,3.2035000390925528,6.398094872837847e-15,22.922612670838546
travel/solved,log-0098,224,5.282807795143767,0.1993244244170594,5.367294739524049,3.8840637530293622,-2.659341233254176e-15,26.50356478185637
travel/solved,log-0099,634,7.822138628515704,0.39285983423864296,6.836736867212761,6.572215907044753,5.048445690605714e-15,19.910761922696686
travel/solved,log-0113,232,4.0543220196031955,0.15355267922547125,4.032509130600725,3.2087209106913264,-2.1478899307617784e-15,26.403459972521706
travel/solved,log-0115,171,5.3884692737037385,0.22852578173804775,6.537861100715353,3.94175389513135,-1.9128240499985637e-15,23.579261966513606
travel/solved,log-0116,175,5.05506319444523,0.1653511099129491,5.0418040159191175,3.809922334188455,-7.970305814205368e-15,30.571691941508732
travel/solved,log-0117,122,3.387466398879008,0.13104454720028946,3.4488687380699394,2.574619710591694,-1.0533758453606827e-14,25.849731799229914
travel/solved,log-0118,110,5.882938401056125,0.16195773332710472,6.247039153477709,4.571763021459038,5.861316495042017e-15,36.323911678699545
travel/solved,log-0119,138,5.212271824119774,0.1468650993922239,5.508471027521765,4.20338833868969,1.4652313140829575e-14,35.4902005016159
travel/solved,log-0120,49,4.78336206113543,0.14122487943500078,4.642886904020679,3.696895014994955,9.340360408864144e-15,33.870533862533684
travel/solved,log-0122,318,7.05462194362296,0.21892297218471635,7.01307990634744,5.59908810142,1.3722180701923856e-15,32.22421965690572
travel/solved,log-0125,187,6.335781284187657,0.19365837606866945,6.053903396120985,5.107380177488778,-1.2703929832302991e-14,32.71627808105263
travel/solved,log-0126,51,7.017502538207737,0.1934512961148316,6.885800555732462,5.469247517669605,-7.106806784383686e-15,36.275293467365486
travel/solved,log-0127,102,5.407667832499745,0.15489273101986825,5.636929374279705,4.068132873853824,7.35548602061235e-15,34.912340927129094
travel/solved,log-0129,409,4.604745614579765,0.14618441867284082,4.496371096885119,3.6546816625985836,-3.905791853013088e-15,31.499565113605826
travel/solved,log-0132,266,7.170207021686309,0.21678567052660538,6.759152553313644,5.568715889209804,-8.60235952583335e-15,33.07509672695979
travel/solved,log-0133,93,4.706757308266093,0.1590968571283713,5.060334720838949,3.6506746358110456,-1.7654440670080306e-14,29.58422556687168
travel/solved,log-0145-filtered-c01,348,6.30665298511748,0.3503995759698565,6.0896757892386795,4.841585477179172,-5.7946224254847336e-15,17.99846066497528
travel/solved,log-0147-filtered-c01,81,6.090786214824549,0.36961617215996156,5.693298299279696,4.563808761573597,2.1223777123170766e-15,16.478678893380764
travel/solved,log-0147-filtered-c02,320,7.627144636606264,0.43638810456094596,11.307639440685158,5.305782500499072,-1.0215534387016136e-15,17.477893088492877
travel/solved,log-0151-filtered-c01,86,8.125077682148813,0.4112816681103304,11.257213161083389,5.370112340394032,9.58249598950289e-15,19.755506535168934
travel/solved,log-0152-filtered-c01,148,4.594562372251275,0.24893827666150578,6.500976857949527,3.490672181046328,-3.4766148676824515e-15,18.45663284035158
travel/solved,log-0152-filtered-c02,92,5.036551454340599,0.3540841105581076,4.459390040736712,3.7335067597583085,-2.3605356161512142e-15,14.224166812800448
travel/solved,log-0155-filtered-c01,133,5.376707072204699,0.2014478103311136,5.06517654683047,4.139616174287865,-2.7672252589440007e-15,26.690322736033565
travel/solved/mag_nuisance/delta_lifted,log-0046,376,2.54748381716815,0.12625429823458761,3.2929659375321108,1.7829534422549107,-1.8119349368583545e-15,20.177402692736695
travel/solved/mag_nuisance/delta_lifted,log-0048,334,3.6028793728810182,0.1624828012278809,4.301118209653569,2.3033105117687334,-3.3708145685459874e-15,22.17391222735019
travel/solved/mag_nuisance/delta_lifted,log-0049,178,2.684762495687622,0.12145498402191852,3.0085972207130176,1.7751180607235015,2.1349640886688457e-15,22.10500060831685
travel/solved/mag_nuisance/delta_lifted,log-0054,669,3.5677543286270104,0.20331345025862538,4.111341735075683,2.2336252229107685,-6.9575413842689906e-15,17.548048710445077
travel/solved/mag_nuisance/delta_lifted,log-0055,224,3.664165966670195,0.1586684790898935,3.8624616431389676,2.358812130414191,-1.2149815671366544e-15,23.093219193172356
travel/solved/mag_nuisance/delta_lifted,log-0056,273,3.3158663804496107,0.14963116753554032,3.6259707255506934,2.174983689732559,-2.7618930282142925e-15,22.160265371597983
travel/solved/mag_nuisance/delta_lifted,log-0058,387,3.6730535627794327,0.15943013871574627,4.0978841595529625,2.2999604271970693,-5.817313234459191e-15,23.038639948298936
travel/solved/mag_nuisance/delta_lifted,log-0063,103,2.937455555434326,0.11302807827952276,3.135594590212713,2.1370501616987716,8.996165591625163e-15,25.98872421921468
travel/solved/mag_nuisance/delta_lifted,log-0071_183,416,2.2805683062526616,0.10701047258503467,2.4843302481671556,1.5001586034255852,-1.748565911461735e-15,21.311636619868523
travel/solved/mag_nuisance/delta_lifted,log-0072_184,328,2.6953916472565633,0.12966069747709666,2.89419893370581,1.7701144665855293,6.238721621258768e-15,20.78803908742415
travel/solved/mag_nuisance/delta_lifted,log-0073_185,286,3.2169132509321705,0.1667360444361765,3.793761149304202,2.121073800003284,-3.6196898478604186e-15,19.29344828714313
travel/solved/mag_nuisance/delta_lifted,log-0078-valid,132,6.07151998090214,0.2138262786747097,5.848681712491262,4.500701526540832,2.747925679501256e-15,28.394638949586923
travel/solved/mag_nuisance/delta_lifted,log-0079,242,4.872561288404712,0.19082461536526557,4.783315200556698,3.768408230774948,3.6977433493471515e-15,25.534238751525496
travel/solved/mag_nuisance/delta_lifted,log-0080-valid,325,6.748190950286209,0.23382036385657332,6.938225612319143,4.528369879138528,5.584518615822966e-15,28.860578432875872
travel/solved/mag_nuisance/delta_lifted,log-0081,735,10.285936593352254,0.49083765213833935,9.762614463193302,8.024468732636416,-3.165782553148637e-15,20.955883373130533
travel/solved/mag_nuisance/delta_lifted,log103,396,4.849049926504388,0.21465288622015374,5.305332144029442,3.09473703547968,1.3771876162521627e-15,22.590192062598554
travel/solved/mag_nuisance/delta_lifted,log104,396,5.82601501922842,0.27067821400414493,7.8193468128951515,3.2366544388106653,2.845110699559603e-15,21.523767772234542
travel/solved/mag_nuisance/delta_lifted,log106,153,3.474098331562027,0.15330631904305925,4.275656158918876,2.1851378714258654,7.874509389126166e-15,22.661155477787283
travel/solved/mag_nuisance/delta_lifted,log107,168,2.956479008812804,0.13530994585378248,3.8621879386371853,1.930902754592737,-2.597164952412431e-15,21.849679934153624
travel/solved/mag_nuisance/delta_lifted,log109,182,3.3029992400180075,0.15063832143879388,4.63640778819091,2.246576818112618,-7.188497560530307e-15,21.926686439878146
travel/solved/mag_nuisance/delta_lifted,log110,172,3.4860650904227,0.16385141797780817,4.009679736512507,2.3542098118940173,6.023493638651822e-15,21.27577004487595
travel/solved/mag_nuisance/delta_lifted,log112,329,5.052465222832319,0.22041402066091323,6.045804900451226,3.366398023350439,1.1031198056616978e-15,22.922612670838546
travel/solved/mag_nuisance/delta_lifted,log-0098,224,5.777780790526717,0.21800013839957225,5.8606451417466285,4.064793734496199,1.310385317607306e-14,26.50356478185637
travel/solved/mag_nuisance/delta_lifted,log-0099,634,9.084514816519377,0.4562615359366912,8.293754968131672,7.445012943581388,-2.2947480411844156e-16,19.910761922696686
travel/solved/mag_nuisance/delta_lifted,log-0113,232,5.24420991675915,0.1986182842027841,5.855747484763125,3.6569565589301765,-4.139569684740882e-15,26.403459972521706
travel/solved/mag_nuisance/delta_lifted,log-0115,171,6.064578038892499,0.2571996548282634,7.262939852791486,4.43605204378454,3.7193800972194295e-15,23.579261966513606
travel/solved/mag_nuisance/delta_lifted,log-0116,175,5.653811387924259,0.18493616247152464,5.829013825545134,4.0279845037112905,-1.1800193023628728e-14,30.571691941508732
travel/solved/mag_nuisance/delta_lifted,log-0117,122,4.732042545187684,0.18305963798543765,5.447395464235088,3.0358624727888475,-6.664592343231032e-16,25.849731799229914
travel/solved/mag_nuisance/delta_lifted,log-0118,110,5.990676204790199,0.1649237631062502,6.4186358808710215,4.616779817981923,1.294030085349065e-14,36.323911678699545
travel/solved/mag_nuisance/delta_lifted,log-0119,138,5.441317841091689,0.1533188813865377,5.683505916733515,4.22416903956823,6.833365769714242e-15,35.4902005016159
travel/solved/mag_nuisance/delta_lifted,log-0120,49,6.509292928633443,0.19218158636211458,6.582907833229071,4.992278590922389,1.1263375787159704e-14,33.870533862533684
travel/solved/mag_nuisance/delta_lifted,log-0122,318,7.8401455755175835,0.24329978069266991,7.7090419658358496,6.14978006501767,3.3161936696315985e-15,32.22421965690572
travel/solved/mag_nuisance/delta_lifted,log-0125,187,6.911925099194448,0.21126868655629366,6.420733131805004,5.273996485426002,-2.618367217344891e-15,32.71627808105263
travel/solved/mag_nuisance/delta_lifted,log-0126,51,6.018446037390087,0.16591033351127787,6.375692422894233,5.03491285875198,-5.4735654736868136e-15,36.275293467365486
travel/solved/mag_nuisance/delta_lifted,log-0127,102,5.522246321454092,0.1581746217757331,5.74676631805319,4.102635581019023,-1.1590462820358854e-15,34.912340927129094
travel/solved/mag_nuisance/delta_lifted,log-0129,409,5.378157356687373,0.1707375113685093,5.583663581948331,4.027147547534937,-1.5268095425414798e-14,31.499565113605826
travel/solved/mag_nuisance/delta_lifted,log-0132,266,9.530339705258433,0.28814245908131153,9.833935716668769,7.434071817944977,-6.281087907751334e-15,33.07509672695979
travel/solved/mag_nuisance/delta_lifted,log-0133,93,4.735606370183192,0.1600720072755972,5.137182096165337,3.657105217357555,-3.734593218670834e-15,29.58422556687168
travel/solved/mag_nuisance/delta_lifted,log-0145-filtered-c01,348,7.296548663548615,0.40539848375742393,6.854404937641372,5.444542675543266,-7.83057084524964e-16,17.99846066497528
travel/solved/mag_nuisance/delta_lifted,log-0147-filtered-c01,81,5.855304116867624,0.3553260643497102,5.420954006817095,4.393899787703173,1.6197093067682952e-15,16.478678893380764
travel/solved/mag_nuisance/delta_lifted,log-0147-filtered-c02,320,9.346831818512259,0.5347802375943151,12.478400115173743,6.032781145553596,-1.0953322981633967e-14,17.477893088492877
travel/solved/mag_nuisance/delta_lifted,log-0151-filtered-c01,86,11.144480024927283,0.5641201861915197,13.231508454814591,6.821138032563287,9.898402450695294e-15,19.755506535168934
travel/solved/mag_nuisance/delta_lifted,log-0152-filtered-c01,148,4.614954676084384,0.25004315337490746,6.330567087407871,3.4458401355369905,1.5315483998601108e-16,18.45663284035158
travel/solved/mag_nuisance/delta_lifted,log-0152-filtered-c02,92,4.604661838177255,0.3237210234369215,4.154550776418702,3.4131240490837973,-3.589981249563305e-15,14.224166812800448
travel/solved/mag_nuisance/delta_lifted,log-0155-filtered-c01,133,5.755951597805649,0.21565687514279336,5.13100998079048,4.423937921603663,-5.8419199911040014e-15,26.690322736033565
travel/mag_nuisance/corrected,log-0046,376,2.8463889096045847,0.14106815197920422,3.89044411437143,1.8693782633660216,-4.155370788528493e-15,20.177402692736695
travel/mag_nuisance/corrected,log-0048,334,3.689690488183009,0.16639781245422253,4.323712891548032,2.3011194609396237,1.6854072842729937e-15,22.17391222735019
travel/mag_nuisance/corrected,log-0049,178,2.8394555695826433,0.12845308714962525,3.2151946900990294,1.8331707598583002,5.197620906342607e-15,22.10500060831685
travel/mag_nuisance/corrected,log-0054,669,3.820207860163222,0.21769986641815794,4.505534847084334,2.3108872622004433,2.6090780191008715e-15,17.548048710445077
travel/mag_nuisance/corrected,log-0055,224,3.9129760807346674,0.16944264236194326,4.156690978588565,2.465048606857162,1.7819729651337596e-15,23.093219193172356
travel/mag_nuisance/corrected,log-0056,273,3.7445757075667063,0.1689770246328365,4.108833329211828,2.3354087173504796,-3.5937885186402845e-15,22.160265371597983
travel/mag_nuisance/corrected,log-0058,387,3.8938597459507815,0.16901430616950483,4.555828983443546,2.3280319343396885,-9.195108015758076e-15,23.038639948298936
travel/mag_nuisance/corrected,log-0063,103,3.109449134984242,0.11964608607779526,3.3695379190554604,2.2319305182935847,1.142160239328881e-14,25.98872421921468
travel/mag_nuisance/corrected,log-0071_183,416,2.6575666183977646,0.1247002595718132,2.8840400946753326,1.5638970524681461,-3.49713182292347e-16,21.311636619868523
travel/mag_nuisance/corrected,log-0072_184,328,3.227762939772588,0.1552701977419911,3.3994886930442867,1.9297216911272683,6.377359879508963e-16,20.78803908742415
travel/mag_nuisance/corrected,log-0073_185,286,3.7694198054511627,0.19537304837119496,4.585816357604192,2.409404665579606,-2.3178715692439522e-15,19.29344828714313
travel/mag_nuisance/corrected,log-0078-valid,132,6.089801358676915,0.21447011069550886,5.916265930154979,4.512949898738637,-8.243777038503768e-16,28.394638949586923
travel/mag_nuisance/corrected,log-0079,242,4.83497800771753,0.18935273750538864,4.758814863251449,3.7722560635681455,3.922986599053577e-15,25.534238751525496
travel/mag_nuisance/corrected,log-0080-valid,325,6.185215375660116,0.21431363165661185,6.270932648805575,4.494011738076736,-4.467614892658372e-16,28.860578432875872
travel/mag_nuisance/corrected,log-0081,735,10.511948833258389,0.5016227970965292,10.152660473827817,8.170680637603812,-9.10162484030233e-15,20.955883373130533
travel/mag_nuisance/corrected,log103,396,4.648730671564939,0.20578535404582102,5.567679902585518,3.0729979761282755,5.7841879882590836e-15,22.590192062598554
travel/mag_nuisance/corrected,log104,396,4.755082034683198,0.22092238148086737,6.6600737139941435,2.9362835963211573,-2.6615551705557575e-15,21.523767772234542
travel/mag_nuisance/corrected,log106,153,4.020337256317672,0.17741095595317066,5.061899220140513,2.4612917194476047,-6.798351178548132e-15,22.661155477787283
travel/mag_nuisance/corrected,log107,168,3.279404763467808,0.15008937308695822,4.285122766157737,2.041103819457254,-1.2444748730309566e-15,21.849679934153624
travel/mag_nuisance/corrected,log109,182,3.6902337657919455,0.1682987429911208,5.183962549298477,2.413343485588626,-1.6972841462363226e-15,21.926686439878146
travel/mag_nuisance/corrected,log110,172,4.298090019704481,0.2020180708213488,5.111723606037513,2.6874036433508484,4.31947899087532e-15,21.27577004487595
travel/mag_nuisance/corrected,log112,329,5.038961363081907,0.21982491417709646,5.742232367663152,3.3566030769156825,5.294975067176149e-15,22.922612670838546
travel/mag_nuisance/corrected,log-0098,224,5.709506081184291,0.21542408080489103,5.794373583058931,4.121453867332962,-4.263066099109748e-16,26.50356478185637
travel/mag_nuisance/corrected,log-0099,634,9.314043752369352,0.46778941903534504,8.577482104425597,7.622106880802577,1.8357984329475325e-15,19.910761922696686
travel/mag_nuisance/corrected,log-0113,232,5.477334980310089,0.20744762186510388,6.191523419259971,3.7993628410147413,6.248407071306991e-16,26.403459972521706
travel/mag_nuisance/corrected,log-0115,171,6.636199587336075,0.28144220954670085,7.953954177564157,4.82079326877285,-5.313400138884899e-15,23.579261966513606
travel/mag_nuisance/corrected,log-0116,175,5.877346305063914,0.1922479892937801,6.095961622167873,4.14924499779246,-2.6912720931083065e-15,30.571691941508732
travel/mag_nuisance/corrected,log-0117,122,4.888528445903343,0.18911331397445974,5.6272408741947455,3.099646689306811,-7.701306707733637e-15,25.849731799229914
travel/mag_nuisance/corrected,log-0118,110,6.021725044383593,0.16577853997797135,6.346290282253428,4.619342334476146,5.242163344157297e-15,36.323911678699545
travel/mag_nuisance/corrected,log-0119,138,5.599478752121957,0.1577753484899869,5.746976884724435,4.295951721004614,1.097280849559883e-14,35.4902005016159
travel/mag_nuisance/corrected,log-0120,49,7.422942794226423,0.21915635650601317,7.508865537224222,5.7021768501501935,3.2050256304925986e-15,33.870533862533684
travel/mag_nuisance/corrected,log-0122,318,8.47141289009911,0.26288962092162466,8.26903289695861,6.7102493524627995,0.0,32.22421965690572
travel/mag_nuisance/corrected,log-0125,187,7.275612322109579,0.22238508622786135,6.62977740597794,5.53249266021816,-4.266968798636119e-15,32.71627808105263
travel/mag_nuisance/corrected,log-0126,51,6.210663241295238,0.17120917979292344,6.479905672020037,5.141073595280371,-8.033781582346775e-15,36.275293467365486
travel/mag_nuisance/corrected,log-0127,102,5.579071165905714,0.15980226526633232,5.76365919098294,4.170048565370437,-2.3180925640717707e-15,34.912340927129094
travel/mag_nuisance/corrected,log-0129,409,5.4293256350971335,0.17236192358579602,5.608228267812793,4.083872103483412,-8.521727679301282e-15,31.499565113605826
travel/mag_nuisance/corrected,log-0132,266,10.125777371593548,0.30614505696486566,10.504757791750139,7.935686373417058,-8.465814136534406e-15,33.07509672695979
travel/mag_nuisance/corrected,log-0133,93,5.0467913811082346,0.17059061998092712,5.4640975377961745,3.839225838091467,-2.9585738485574136e-15,29.58422556687168
travel/mag_nuisance/corrected,log-0145-filtered-c01,348,8.455259355290739,0.4697768055100701,7.971659253591243,6.534686394885465,2.871209309924868e-16,17.99846066497528
travel/mag_nuisance/corrected,log-0147-filtered-c01,81,5.840902938278708,0.35445213636785594,5.269110082955651,4.510909591690068,1.0611888561585383e-15,16.478678893380764
travel/mag_nuisance/corrected,log-0147-filtered-c02,320,12.530347148176878,0.7169254946654083,15.05149131395094,7.068015592684513,-4.682119927382396e-15,17.477893088492877
travel/mag_nuisance/corrected,log-0151-filtered-c01,86,11.81993490638826,0.5983109005758118,14.005534936715762,7.467599483663361,9.898402450695294e-15,19.755506535168934
travel/mag_nuisance/corrected,log-0152-filtered-c01,148,4.987547979830839,0.27023065490724857,6.536849645432355,3.5729867874850427,-2.0216438878153463e-15,18.45663284035158
travel/mag_nuisance/corrected,log-0152-filtered-c02,92,4.948913657630631,0.34792292039046263,4.359640029927856,3.7248902164092086,-3.294914297544403e-15,14.224166812800448
travel/mag_nuisance/corrected,log-0155-filtered-c01,133,5.243116986893363,0.19644262224730746,4.610854793842528,4.347487534738737,-5.8590016285048905e-15,26.690322736033565
